list(structure(c(1, 1, 1, 1, 1, 1, 1, 1, 1, 1, 1, 1, 1, 1, 1, 
1, 1, 1, 1, 1, 1, 1, 1, 1, 1, 1, 1, 1, 1, 1, 1, 1, 1, 0.157887008553284, 
0.506956425975552, 1, 1, 1, 1, 1, 1, 1, -0.34091993685988, 1, 
1, 1, 1, 1, -0.269593627253038, 0.783377996402482, 1, 1, 1, 1, 
1, 1, 1, -0.453434161741493, 1, 1, 1, 1, 0.848940934620609, -0.453434161741493, 
-0.34091993685988, -0.34091993685988, -0.34091993685988, -0.34091993685988, 
-0.34091993685988, -0.34091993685988, -0.34091993685988, -0.34091993685988, 
-0.453434161741493, 1, 1, 1, 1, 0.836092654454682, 0.434308578980214, 
0.434308578980214, 0.434308578980214, 0.434308578980214, 0.434308578980214, 
0.434308578980214, 0.434308578980214, 0.434308578980214, 0.434308578980214, 
-0.453434161741493, 1, 1, 1, 1, 1, 1, 1, 1, 1, 1, 1, 1, 1, 1, 
-0.453434161741493, 1, 1, 1, 1, 1, 1, 1, 1, 1, 1, 1, 1, 1, 1, 
0.157887008553284, 1, 1, 1, 1, 1, 1, 1, 1, 1, 1, 1, 1, 1, 1, 
1, 1, 1, 1, 1, 1, 1, 1, 1, 1, 1, 1, 1, 1, 1, 1, 1, 1), .Dim = c(15L, 
10L)), structure(c(1, 1, 1, 1, 1, 1, 1, 1, 1, 1, 1, 1, 1, 1, 
1, 1, 1, 0.323115891487097, 0.0466943210601667, 0.0466943210601667, 
0.0466943210601667, 0.0466943210601667, 0.0466943210601667, 0.0466943210601667, 
0.0466943210601667, 0.0466943210601667, 0.0466943210601667, 0.0466943210601667, 
1, 1, 1, 1, 0.323115891487097, 0.0466943210601667, 0.0466943210601667, 
0.0466943210601667, 0.0466943210601667, 0.0466943210601667, 0.0466943210601667, 
-0.111449653096436, 0.0466943210601667, 0.0466943210601667, 0.0466943210601667, 
1, 1, 1, 1, 1, 1, 1, 1, 1, 0.95437025072501, -0.00602033699203406, 
-0.302375096362101, 0.770529716236555, 1, 1, 1, 1, 1, 1, 1, 1, 
1, 1, 0.881722403729672, -0.124297933262362, -0.0658199038214456, 
0.0325245035057451, -0.328071656693954, 0.685033589075291, 1, 
1, 1, 1, 1, 1, 1, 1, 0.836092654454682, -0.262508718475827, 0.105172350501083, 
1, 1, 0.12510553944422, -0.380786314746155, 0.599537461914027, 
1, 1, 1, 1, 1, 1, 1, 0.467090048089277, 0.323115891487097, 1, 
1, 1, 1, 0.276164604823611, -0.426416064021145, 1, 1, 1, 1, 1, 
1, 1, 0.967218530890936, 1, 1, 1, 1, 1, 1, 0.374509012150802, 
1, 1, 1, 1, 1, 1, 1, 1, 1, 1, 1, 1, 1, 1, 1, 1, 1, 1, 1, 1, 1, 
1, 1, 1, 1, 1, 1, 1, 1, 1, 1, 1), .Dim = c(15L, 10L)), structure(c(1, 
1, 1, 1, 1, 1, 1, 1, 1, 1, 1, 1, 1, 1, 1, 1, 1, 1, 0.276164604823611, 
0.736426709738996, 1, 1, 1, 1, 1, 0.868874123563746, 0.0325245035057451, 
-0.302375096362101, 1, 1, 1, 1, 0.836092654454682, -0.315223376528028, 
0.987151719834074, 1, 1, 1, 1, 0.72357842957307, -0.328071656693954, 
-0.367938034580228, -0.453434161741493, 1, 1, 1, 1, 0.545501266473331, 
0.0325245035057451, 1, 1, 1, 1, 0.750596527293418, -0.328071656693954, 
0.421460298814287, 0.650930582577732, -0.453434161741493, 1, 
1, 1, 1, 0.514041334752762, -0.0388018061010976, 1, 1, 1, 0.821922836900261, 
-0.302375096362101, 0.565434455416468, 1, 0.650930582577732, 
-0.453434161741493, 1, 1, 1, 1, 0.821922836900261, -0.433500972798355, 
0.361660731984876, 0.599537461914027, 0.361660731984876, -0.34091993685988, 
0.361660731984876, 1, 1, 0.650930582577732, -0.453434161741493, 
1, 1, 1, 1, 1, 0.394442201093939, -0.433500972798355, -0.453434161741493, 
-0.400719503689292, 0.381593920928013, 1, 1, 1, 0.650930582577732, 
-0.453434161741493, 1, 1, 1, 1, 1, 1, 0.894570683895599, 0.612385742079953, 
0.967218530890936, 1, 1, 1, 1, 0.934437061781873, 0.650930582577732, 
1, 1, 1, 1, 1, 1, 1, 1, 1, 1, 1, 1, 1, 1, 1, 1, 1, 1, 1, 1, 1, 
1, 1, 1, 1, 1, 1, 1, 1, 1, 1, 1), .Dim = c(15L, 10L)), structure(c(1, 
1, 1, 1, 1, 1, 1, 1, 1, 1, 1, 1, 1, 1, 1, 1, 1, 0.467090048089277, 
0.980066811056863, 1, 1, 1, 1, 1, 1, 0.796226276568408, 0.145038728387357, 
1, 1, 1, 1, 0.685033589075291, -0.216878969200837, 1, 1, 1, 0.323115891487097, 
0.980066811056863, 1, 1, 0.987151719834074, -0.400719503689292, 
0.881722403729672, 1, 1, 1, 0.532652986307404, 0.0325245035057451, 
1, 1, 1, -0.34091993685988, 0.941521970559084, 1, 1, 1, -0.0658199038214456, 
0.612385742079953, 1, 1, 1, 0.545501266473331, -0.0259535259351713, 
1, 1, 0.85602584339782, -0.413567783855218, 0.552586175250541, 
1, 1, 1, -0.282441907418964, 0.72357842957307, 1, 1, 1, 0.796226276568408, 
-0.453434161741493, 0.289012884989538, 0.479938328255204, -0.1969457802577, 
0.308946073932675, -0.24257552953269, 0.650930582577732, 0.821922836900261, 
0.12510553944422, -0.328071656693954, 0.987151719834074, 1, 1, 
1, 1, 0.361660731984876, -0.367938034580228, -0.328071656693954, 
0.408612018648361, 1, 0.0325245035057451, -0.453434161741493, 
-0.453434161741493, -0.400719503689292, 0.565434455416468, 1, 
1, 1, 1, 1, 1, 1, 1, 1, 1, 1, 0.685033589075291, 0.552586175250541, 
0.881722403729672, 1, 1, 1, 1, 1, 1, 1, 1, 1, 1, 1, 1, 1, 1, 
1, 1, 1, 1, 1, 1, 1, 1, 1, 1, 1, 1, 1, 1, 1, 1, 1, 1, 1, 1), .Dim = c(15L, 
10L)), structure(c(1, 1, 1, 1, 1, 1, 1, 1, 1, 1, 1, 1, 1, 1, 
1, 1, 0.323115891487097, 0.0466943210601667, 0.0466943210601667, 
0.0466943210601667, 0.0466943210601667, 0.0466943210601667, 0.0466943210601667, 
0.0466943210601667, 0.0466943210601667, 0.0466943210601667, 0.0466943210601667, 
1, 1, 1, 1, 0.323115891487097, 0.0466943210601667, 0.0466943210601667, 
0.0466943210601667, 0.0466943210601667, 0.0466943210601667, 0.0466943210601667, 
-0.111449653096436, 0.0466943210601667, 0.0466943210601667, 0.0466943210601667, 
1, 1, 1, 1, 1, 1, 1, 1, 1, 0.95437025072501, -0.00602033699203406, 
-0.302375096362101, 0.770529716236555, 1, 1, 1, 1, 1, 1, 1, 1, 
1, 1, 0.881722403729672, -0.124297933262362, -0.0658199038214456, 
0.0325245035057451, -0.328071656693954, 0.685033589075291, 1, 
1, 1, 1, 1, 1, 1, 1, 0.836092654454682, -0.262508718475827, 0.105172350501083, 
1, 1, 0.12510553944422, -0.380786314746155, 0.599537461914027, 
1, 1, 1, 1, 1, 1, 1, 0.467090048089277, 0.323115891487097, 1, 
1, 1, 1, 0.276164604823611, -0.426416064021145, 1, 1, 1, 1, 1, 
1, 1, 0.967218530890936, 1, 1, 1, 1, 1, 1, 0.374509012150802, 
1, 1, 1, 1, 1, 1, 1, 1, 1, 1, 1, 1, 1, 1, 1, 1, 1, 1, 1, 1, 1, 
1, 1, 1, 1, 1, 1, 1, 1, 1, 1, 1, 1), .Dim = c(15L, 10L)), structure(c(1, 
1, 1, 1, 1, 1, 1, 1, 1, 1, 1, 1, 1, 1, 1, 1, 1, 1, 1, 1, 1, 1, 
1, 0.987151719834074, 0.579604272970889, 0.980066811056863, 1, 
1, 1, 1, 1, 1, 1, 1, 1, 1, 1, 0.796226276568408, -0.144231122205499, 
-0.453434161741493, 0.934437061781873, 1, 1, 1, 1, 1, 1, 1, 1, 
1, 1, 0.494108145809625, -0.34091993685988, 0.408612018648361, 
-0.413567783855218, 0.934437061781873, 1, 1, 1, 1, 1, 1, 1, 1, 
0.934437061781873, 0.0723908813920194, -0.209794060423626, 0.750596527293418, 
1, -0.413567783855218, 0.934437061781873, 1, 1, 1, 1, 1, 1, 1, 
0.72357842957307, -0.24257552953269, 0.0923240703351566, 0.941521970559084, 
1, 1, -0.413567783855218, 0.934437061781873, 1, 1, 1, 1, 1, 1, 
0.95437025072501, -0.426416064021145, -0.315223376528028, 0.0794757901692302, 
0.0794757901692302, 0.0794757901692302, 0.0794757901692302, -0.433500972798355, 
-0.0131052457692449, 0.00682794317389235, 0.00682794317389235, 
1, 1, 1, 1, 0.95437025072501, 0.157887008553284, 0.157887008553284, 
0.157887008553284, 0.157887008553284, 0.157887008553284, 0.157887008553284, 
-0.433500972798355, 0.12510553944422, 0.157887008553284, 0.157887008553284, 
1, 1, 1, 1, 1, 1, 1, 1, 1, 1, 1, -0.302375096362101, 0.934437061781873, 
1, 1, 1, 1, 1, 1, 1, 1, 1, 1, 1, 1, 1, 1, 1, 1, 1, 1, 1), .Dim = c(15L, 
10L)), structure(c(1, 1, 1, 1, 1, 1, 1, 1, 1, 1, 1, 1, 1, 1, 
1, 1, 1, 0.934437061781873, 0.934437061781873, 0.934437061781873, 
0.934437061781873, 0.95437025072501, 1, 1, 1, 0.980066811056863, 
0.579604272970889, 0.987151719834074, 1, 1, 1, 0.934437061781873, 
-0.453434161741493, -0.453434161741493, -0.453434161741493, -0.453434161741493, 
-0.0259535259351713, 1, 1, 1, 1, -0.355089754414302, 0.763444807459344, 
1, 1, 1, 0.934437061781873, -0.453434161741493, 0.934437061781873, 
0.967218530890936, 0.565434455416468, -0.124297933262362, 1, 
1, 1, 1, -0.0259535259351713, 0.612385742079953, 1, 1, 1, 0.934437061781873, 
-0.453434161741493, 0.967218530890936, 1, 0.85602584339782, -0.426416064021145, 
0.881722403729672, 1, 1, 0.980066811056863, -0.328071656693954, 
0.809074556734334, 1, 1, 1, 0.934437061781873, -0.453434161741493, 
0.967218530890936, 1, 1, -0.0786681839873719, -0.124297933262362, 
0.552586175250541, 0.552586175250541, -0.0388018061010976, -0.209794060423626, 
1, 1, 1, 1, 0.934437061781873, -0.453434161741493, 0.967218530890936, 
1, 1, 0.85602584339782, -0.144231122205499, -0.453434161741493, 
-0.453434161741493, -0.24257552953269, 0.750596527293418, 1, 
1, 1, 1, 1, 1, 1, 1, 1, 1, 1, 0.85602584339782, 0.783377996402482, 
1, 1, 1, 1, 1, 1, 1, 1, 1, 1, 1, 1, 1, 1, 1, 1, 1, 1, 1, 1, 1, 
1, 1, 1, 1, 1, 1, 1, 1, 1, 1, 1, 1, 1, 1), .Dim = c(15L, 10L)), 
    structure(c(1, 1, 1, 1, 1, 1, 1, 1, 1, 1, 1, 1, 1, 1, 1, 
    1, 1, 0.941521970559084, 0.223449946771411, -0.262508718475827, 
    -0.367938034580228, 0.0466943210601667, 0.836092654454682, 
    1, 1, 0.95437025072501, 0.467090048089277, 1, 1, 1, 1, 1, 
    -0.0915164641532983, -0.131382842039573, 0.408612018648361, 
    0.408612018648361, -0.0915164641532983, -0.282441907418964, 
    0.934437061781873, 1, 1, -0.387871223523366, 0.881722403729672, 
    1, 1, 1, 0.665100400132154, -0.1969457802577, 1, 1, 1, 1, 
    -0.0786681839873719, 0.514041334752762, 1, 1, -0.0458867148783084, 
    0.612385742079953, 1, 1, 1, 0.514041334752762, 0.0325245035057451, 
    1, 1, 1, 1, 0.145038728387357, 0.467090048089277, 1, 1, -0.269593627253038, 
    0.796226276568408, 1, 1, 1, 0.750596527293418, -0.355089754414302, 
    0.809074556734334, 1, 1, 0.967218530890936, -0.0915164641532983, 
    0.894570683895599, 0.987151719834074, 0.203516757828274, 
    -0.144231122205499, 1, 1, 1, 1, 1, 0.190668477662347, -0.426416064021145, 
    0.0325245035057451, 0.118020630667009, -0.209794060423626, 
    -0.144231122205499, 0.0466943210601667, -0.302375096362101, 
    -0.262508718475827, 0.821922836900261, 1, 1, 1, 1, 1, 1, 
    0.592452553136816, 0.0466943210601667, -0.29529018758489, 
    -0.380786314746155, -0.355089754414302, 0.00682794317389235, 
    0.361660731984876, 0.95437025072501, 1, 1, 1, 1, 1, 1, 1, 
    1, 1, 1, 1, 1, 1, 1, 1, 1, 1, 1, 1, 1, 1, 1, 1, 1, 1, 1, 
    1, 1, 1, 1, 1, 1, 1, 1), .Dim = c(15L, 10L)), structure(c(1, 
    1, 1, 1, 1, 1, 1, 1, 1, 1, 1, 1, 1, 1, 1, 1, 1, 1, 1, 0.506956425975552, 
    -0.0986013729305091, -0.433500972798355, -0.453434161741493, 
    -0.453434161741493, -0.413567783855218, -0.0388018061010976, 
    0.599537461914027, 1, 1, 1, 1, 1, 1, 0.145038728387357, -0.315223376528028, 
    0.145038728387357, 0.494108145809625, 0.545501266473331, 
    0.545501266473331, 0.467090048089277, 0.105172350501083, 
    -0.367938034580228, 0.335964171653023, 1, 1, 1, 1, 0.710730149407144, 
    -0.269593627253038, 0.901655592672809, 1, 1, 1, 1, 1, 1, 
    0.85602584339782, -0.380786314746155, 1, 1, 1, 1, 0.514041334752762, 
    0.0466943210601667, 1, 1, 1, 1, 1, 1, 1, 1, -0.0658199038214456, 
    1, 1, 1, 1, 0.783377996402482, -0.328071656693954, 0.836092654454682, 
    1, 1, 1, 1, 1, 1, 0.67794868029808, -0.380786314746155, 1, 
    1, 1, 1, 1, 0.323115891487097, -0.426416064021145, 0.0196762233398187, 
    0.210601666605484, 0.434308578980214, 0.434308578980214, 
    0.157887008553284, -0.0786681839873719, -0.433500972798355, 
    0.494108145809625, 1, 1, 1, 1, 1, 1, 0.72357842957307, 0.105172350501083, 
    -0.282441907418964, -0.400719503689292, -0.387871223523366, 
    -0.209794060423626, 0.157887008553284, 0.770529716236555, 
    1, 1, 1, 1, 1, 1, 1, 1, 1, 1, 1, 1, 1, 1, 1, 1, 1, 1, 1, 
    1, 1, 1, 1, 1, 1, 1, 1, 1, 1, 1, 1, 1, 1), .Dim = c(15L, 
    10L)), structure(c(1, 1, 1, 1, 1, 1, 1, 1, 1, 1, 1, 1, 1, 
    1, 1, 1, 1, 1, 1, 1, 1, 1, 1, 1, 1, 1, 1, 1, 1, 1, 1, 1, 
    0.157887008553284, 0.506956425975552, 1, 1, 1, 1, 1, 1, 1, 
    -0.34091993685988, 1, 1, 1, 1, 1, -0.269593627253038, 0.783377996402482, 
    1, 1, 1, 1, 1, 1, 1, -0.453434161741493, 1, 1, 1, 1, 0.848940934620609, 
    -0.453434161741493, -0.34091993685988, -0.34091993685988, 
    -0.34091993685988, -0.34091993685988, -0.34091993685988, 
    -0.34091993685988, -0.34091993685988, -0.34091993685988, 
    -0.453434161741493, 1, 1, 1, 1, 0.836092654454682, 0.434308578980214, 
    0.434308578980214, 0.434308578980214, 0.434308578980214, 
    0.434308578980214, 0.434308578980214, 0.434308578980214, 
    0.434308578980214, 0.434308578980214, -0.453434161741493, 
    1, 1, 1, 1, 1, 1, 1, 1, 1, 1, 1, 1, 1, 1, -0.453434161741493, 
    1, 1, 1, 1, 1, 1, 1, 1, 1, 1, 1, 1, 1, 1, 0.157887008553284, 
    1, 1, 1, 1, 1, 1, 1, 1, 1, 1, 1, 1, 1, 1, 1, 1, 1, 1, 1, 
    1, 1, 1, 1, 1, 1, 1, 1, 1, 1, 1, 1, 1, 1), .Dim = c(15L, 
    10L)), structure(c(1, 1, 1, 1, 1, 1, 1, 1, 1, 1, 1, 1, 1, 
    1, 1, 1, 1, 1, 1, 0.697881869241217, 0.059542601226093, -0.367938034580228, 
    -0.453434161741493, -0.453434161741493, -0.413567783855218, 
    -0.0786681839873719, 0.514041334752762, 1, 1, 1, 1, 1, 1, 
    0.44715685914614, -0.433500972798355, 0.0196762233398187, 
    0.335964171653023, -0.00602033699203406, -0.0915164641532983, 
    0.394442201093939, 0.0923240703351566, -0.380786314746155, 
    0.243383135714548, 1, 1, 1, 1, 0.894570683895599, -0.380786314746155, 
    0.697881869241217, 1, 0.763444807459344, -0.0986013729305091, 
    1, 1, 1, 0.796226276568408, -0.413567783855218, 1, 1, 1, 
    1, 0.545501266473331, 0.0196762233398187, 1, 1, 0.374509012150802, 
    0.361660731984876, 1, 1, 1, 1, -0.0458867148783084, 1, 1, 
    1, 1, 0.514041334752762, 0.0196762233398187, 1, 1, 0.479938328255204, 
    -0.0915164641532983, 1, 1, 1, 0.894570683895599, -0.367938034580228, 
    1, 1, 1, 1, 0.710730149407144, -0.315223376528028, 1, 1, 
    0.894570683895599, -0.328071656693954, -0.164164311148636, 
    0.190668477662347, 0.145038728387357, -0.29529018758489, 
    0.203516757828274, 1, 1, 1, 1, 1, 0.545501266473331, 0.980066811056863, 
    1, 1, 0.821922836900261, 0.0794757901692302, -0.216878969200837, 
    -0.00602033699203406, 0.421460298814287, 1, 1, 1, 1, 1, 1, 
    1, 1, 1, 1, 1, 1, 1, 1, 1, 1, 1, 1, 1, 1, 1, 1, 1, 1, 1, 
    1, 1, 1, 1, 1, 1, 1, 1), .Dim = c(15L, 10L)), structure(c(1, 
    1, 1, 1, 1, 1, 1, 1, 1, 1, 1, 1, 1, 1, 1, 1, 1, 0.980066811056863, 
    0.434308578980214, 0.980066811056863, 1, 1, 1, 1, 1, 1, 1, 
    1, 1, 1, 1, 1, 0.934437061781873, -0.453434161741493, 0.934437061781873, 
    1, 1, 1, 1, 1, 0.836092654454682, 0.250468044491759, -0.124297933262362, 
    1, 1, 1, 1, 0.934437061781873, -0.453434161741493, 0.934437061781873, 
    1, 1, 1, 0.934437061781873, 0.210601666605484, -0.433500972798355, 
    -0.426416064021145, -0.0458867148783084, 1, 1, 1, 1, 0.934437061781873, 
    -0.453434161741493, 0.934437061781873, 1, 1, 0.506956425975552, 
    -0.302375096362101, -0.1969457802577, 0.434308578980214, 
    0.95437025072501, 1, 1, 1, 1, 1, 0.934437061781873, -0.453434161741493, 
    0.934437061781873, 0.809074556734334, -0.0259535259351713, 
    -0.24257552953269, 0.514041334752762, 1, 1, 1, 1, 1, 1, 1, 
    1, 0.934437061781873, -0.453434161741493, 0.250468044491759, 
    -0.367938034580228, 0.308946073932675, 0.987151719834074, 
    1, 1, 1, 1, 1, 1, 1, 1, 1, 0.934437061781873, -0.453434161741493, 
    -0.0915164641532983, 0.809074556734334, 1, 1, 1, 1, 1, 1, 
    1, 1, 1, 1, 1, 1, 1, 1, 1, 1, 1, 1, 1, 1, 1, 1, 1, 1, 1, 
    1, 1, 1, 1, 1, 1, 1, 1, 1, 1, 1, 1, 1, 1), .Dim = c(15L, 
    10L)), structure(c(1, 1, 1, 1, 1, 1, 1, 1, 1, 1, 1, 1, 1, 
    1, 1, 1, 1, 1, 1, 0.770529716236555, 0.650930582577732, 1, 
    1, 0.868874123563746, 0.157887008553284, -0.0259535259351713, 
    0.157887008553284, 0.901655592672809, 1, 1, 1, 1, 1, 0.243383135714548, 
    -0.433500972798355, -0.433500972798355, -0.111449653096436, 
    0.796226276568408, -0.302375096362101, -0.0259535259351713, 
    0.105172350501083, -0.282441907418964, -0.0388018061010976, 
    1, 1, 1, 1, 0.783377996402482, -0.29529018758489, 0.881722403729672, 
    0.85602584339782, -0.216878969200837, -0.380786314746155, 
    0.408612018648361, 1, 1, 0.881722403729672, -0.413567783855218, 
    1, 1, 1, 1, 0.514041334752762, 0.0466943210601667, 1, 1, 
    0.72357842957307, -0.453434161741493, 0.494108145809625, 
    1, 1, 1, -0.0259535259351713, 1, 1, 1, 1, 0.579604272970889, 
    -0.177012591314563, 1, 1, 0.460005139312066, -0.315223376528028, 
    -0.302375096362101, 0.901655592672809, 1, 0.980066811056863, 
    -0.328071656693954, 1, 1, 1, 1, 0.980066811056863, -0.282441907418964, 
    -0.124297933262362, -0.0658199038214456, -0.131382842039573, 
    0.809074556734334, -0.328071656693954, -0.177012591314563, 
    0.460005139312066, -0.0458867148783084, -0.131382842039573, 
    1, 1, 1, 1, 1, 0.821922836900261, 0.210601666605484, 0.374509012150802, 
    0.95437025072501, 1, 0.72357842957307, -0.177012591314563, 
    -0.413567783855218, -0.0658199038214456, 0.85602584339782, 
    1, 1, 1, 1, 1, 1, 1, 1, 1, 1, 1, 1, 1, 1, 1, 1, 1, 1, 1, 
    1, 1, 1, 1, 1, 1, 1, 1, 1, 1, 1, 1, 1), .Dim = c(15L, 10L
    )), structure(c(1, 1, 1, 1, 1, 1, 1, 1, 1, 1, 1, 1, 1, 1, 
    1, 1, 1, 1, 1, 1, 1, 1, 1, 0.809074556734334, 0.612385742079953, 
    0.809074556734334, 1, 1, 1, 1, 1, 1, 1, 1, 1, 1, 0.579604272970889, 
    -0.269593627253038, -0.453434161741493, -0.453434161741493, 
    -0.453434161741493, -0.229727249366763, 0.710730149407144, 
    1, 1, 1, 1, 1, 1, 1, 0.72357842957307, -0.426416064021145, 
    0.289012884989538, 0.599537461914027, 0.638082302411806, 
    0.565434455416468, -0.0915164641532983, -0.302375096362101, 
    1, 1, 1, 1, 1, 1, 1, 0.177820197496421, 0.250468044491759, 
    1, 1, 1, 1, 0.901655592672809, -0.453434161741493, 1, 1, 
    1, 1, 1, 1, 1, 0.243383135714548, 0.361660731984876, 1, 1, 
    1, 1, 0.868874123563746, -0.413567783855218, 1, 1, 1, 1, 
    1, 1, 1, 0.809074556734334, -0.164164311148636, 0.95437025072501, 
    1, 1, 1, 0.0923240703351566, 0.44715685914614, 1, 1, 1, 1, 
    0.0466943210601667, -0.34091993685988, -0.34091993685988, 
    -0.34091993685988, -0.413567783855218, -0.380786314746155, 
    -0.34091993685988, -0.34091993685988, -0.367938034580228, 
    -0.413567783855218, -0.34091993685988, 1, 1, 1, 1, 0.599537461914027, 
    0.434308578980214, 0.434308578980214, 0.434308578980214, 
    0.434308578980214, 0.434308578980214, 0.434308578980214, 
    0.434308578980214, 0.434308578980214, 0.434308578980214, 
    0.434308578980214, 1, 1, 1, 1, 1, 1, 1, 1, 1, 1, 1, 1, 1, 
    1, 1, 1, 1), .Dim = c(15L, 10L)), structure(c(1, 1, 1, 1, 
    1, 1, 1, 1, 1, 1, 1, 1, 1, 1, 1, 1, 1, 1, 1, 1, 1, 1, 0.809074556734334, 
    0.612385742079953, 0.809074556734334, 1, 1, 1, 1, 1, 1, 1, 
    1, 1, 1, 0.579604272970889, -0.269593627253038, -0.453434161741493, 
    -0.453434161741493, -0.453434161741493, -0.229727249366763, 
    0.710730149407144, 1, 1, 1, 1, 1, 1, 1, 0.72357842957307, 
    -0.426416064021145, 0.289012884989538, 0.599537461914027, 
    0.638082302411806, 0.565434455416468, -0.0915164641532983, 
    -0.302375096362101, 1, 1, 1, 1, 1, 1, 1, 0.177820197496421, 
    0.250468044491759, 1, 1, 1, 1, 0.901655592672809, -0.453434161741493, 
    0.868874123563746, 1, 1, 1, 1, 1, 1, 0.243383135714548, 0.361660731984876, 
    1, 1, 1, 1, 0.868874123563746, -0.413567783855218, 0.980066811056863, 
    1, 1, 1, 1, 1, 1, 0.809074556734334, -0.164164311148636, 
    0.95437025072501, 1, 1, 1, 0.0923240703351566, 0.44715685914614, 
    1, 1, 1, 1, 0.0466943210601667, -0.34091993685988, -0.34091993685988, 
    -0.34091993685988, -0.413567783855218, -0.380786314746155, 
    -0.34091993685988, -0.34091993685988, -0.367938034580228, 
    -0.413567783855218, -0.34091993685988, 1, 1, 1, 1, 0.599537461914027, 
    0.434308578980214, 0.434308578980214, 0.434308578980214, 
    0.434308578980214, 0.434308578980214, 0.434308578980214, 
    0.434308578980214, 0.434308578980214, 0.434308578980214, 
    0.434308578980214, 1, 1, 1, 1, 1, 1, 1, 1, 1, 1, 1, 1, 1, 
    1, 1, 1, 1, 1), .Dim = c(15L, 10L)), structure(c(1, 1, 1, 
    1, 1, 1, 1, 1, 1, 1, 1, 1, 1, 1, 1, 1, 1, 0.276164604823611, 
    0.736426709738996, 1, 1, 1, 1, 1, 0.868874123563746, 0.0325245035057451, 
    -0.302375096362101, 1, 1, 1, 1, 0.836092654454682, -0.315223376528028, 
    0.987151719834074, 1, 1, 1, 1, 0.72357842957307, -0.328071656693954, 
    -0.367938034580228, -0.453434161741493, 1, 1, 1, 1, 0.545501266473331, 
    0.0325245035057451, 1, 1, 1, 1, 0.750596527293418, -0.328071656693954, 
    0.421460298814287, 0.650930582577732, -0.453434161741493, 
    1, 1, 1, 1, 0.514041334752762, -0.0388018061010976, 1, 1, 
    1, 0.821922836900261, -0.302375096362101, 0.565434455416468, 
    1, 0.650930582577732, -0.453434161741493, 1, 1, 1, 1, 0.821922836900261, 
    -0.433500972798355, 0.361660731984876, 0.599537461914027, 
    0.361660731984876, -0.34091993685988, 0.361660731984876, 
    1, 1, 0.650930582577732, -0.453434161741493, 1, 1, 1, 1, 
    1, 0.394442201093939, -0.433500972798355, -0.453434161741493, 
    -0.400719503689292, 0.381593920928013, 1, 1, 1, 0.650930582577732, 
    -0.453434161741493, 1, 1, 1, 1, 1, 1, 0.894570683895599, 
    0.612385742079953, 0.967218530890936, 1, 1, 1, 1, 0.934437061781873, 
    0.650930582577732, 1, 1, 1, 1, 1, 1, 1, 1, 1, 1, 1, 1, 1, 
    1, 1, 1, 1, 1, 1, 1, 1, 1, 1, 1, 1, 1, 1, 1, 1, 1, 1, 1, 
    1), .Dim = c(15L, 10L)))
